onfusion_matrix
 [[2737  278  204]
 [ 301 2995   72]
 [ 240   87 2910]]
confusion_matrix_normalize
 [[ 0.85   0.086  0.063]
 [ 0.089  0.889  0.021]
 [ 0.074  0.027  0.899]]
test_acc: 0.880 test_loss 0.381
